133 201 215 201 176 297
146 183 222 187 184 267
217 167 290 165 253 239
225 303 363 304 293 449
175 248 262 243 222 341
222 174 312 191 250 270
137 203 214 212 164 280
118 165 182 163 150 233
128 193 206 195 168 276
162 193 235 190 201 280
166 245 244 246 208 334
138 165 210 165 176 245
160 221 242 223 200 324
126 174 211 177 168 268
182 248 290 260 222 366
133 211 229 211 184 313
178 204 241 200 214 278
140 239 233 237 188 338
140 186 218 188 177 272
118 145 174 135 158 202
184 112 232 110 210 165
87 155 151 155 119 235
159 135 208 133 186 185
134 183 213 184 173 267
143 185 209 173 188 247
166 184 247 185 207 274
139 164 218 177 167 256
170 125 227 127 197 189
150 163 207 174 169 226