1 129 143 179 140 153 81 153 173 154 193 154 208 155 229 101 101 97 121 98 141 99 161 105 180 112 200 119 210 126 219 204 101 209 121 211 141 209 161 204 180 199 199 192 210 183 219 113 143 140 146 168 143 194 141 134 198 173 197
1 133 135 184 134 159 73 158 166 158 187 158 202 158 226 105 93 101 114 100 134 101 154 104 174 110 194 116 205 126 215 211 93 215 114 215 134 214 154 213 174 209 194 203 205 191 215 116 136 143 138 172 137 197 135 136 190 180 190
1 162 215 255 211 204 104 205 281 209 319 210 346 213 389 112 145 109 182 107 217 113 258 121 295 139 335 151 354 166 372 299 137 304 173 307 208 305 249 298 288 282 329 271 348 253 368 139 217 181 220 235 218 280 214 176 329 241 323
1 141 166 201 166 171 88 171 203 171 225 173 248 173 282 112 115 108 140 104 165 105 189 109 213 118 237 129 252 142 267 231 115 235 140 239 165 238 189 236 213 228 237 217 252 202 267 124 170 153 171 188 170 219 170 146 228 199 227
1 167 192 243 187 199 98 207 236 209 266 210 286 212 326 122 135 117 165 115 196 119 225 124 253 130 282 141 298 153 314 279 124 284 154 289 184 293 213 291 242 286 271 280 288 264 306 152 195 185 194 227 189 258 190 180 274 237 271
1 325 281 445 277 381 156 386 355 388 398 392 433 395 505 262 203 249 244 249 283 250 328 261 374 279 419 296 448 318 479 509 195 516 237 521 274 528 321 522 365 518 411 506 440 480 471 302 285 350 292 419 287 467 278 345 410 434 405
1 174 211 249 204 202 117 216 261 221 285 226 327 230 369 127 155 125 185 125 215 134 248 142 282 155 313 172 332 189 350 294 139 303 169 310 198 311 232 311 264 302 299 289 322 269 343 152 218 192 216 234 211 277 205 186 294 260 285
1 359 254 457 247 399 133 403 310 410 350 413 380 416 433 309 178 308 220 307 259 312 296 319 333 332 370 348 395 369 415 509 165 520 204 523 245 522 278 525 319 515 356 507 381 482 406 333 255 379 262 431 254 478 249 375 359 452 357
1 143 211 226 209 184 104 184 269 185 301 186 318 186 353 102 140 97 175 94 211 102 243 110 276 126 310 140 324 154 339 272 141 276 175 273 210 268 243 261 276 244 310 233 325 220 338 122 213 157 214 211 213 247 211 164 306 205 305
1 146 194 224 199 192 102 181 242 180 274 179 298 175 334 115 129 106 160 101 191 104 221 108 252 119 282 129 299 139 315 263 138 269 170 270 202 264 231 256 261 245 290 234 305 216 320 127 193 161 200 208 203 244 202 154 282 206 284
1 110 152 162 152 136 77 135 190 135 209 136 227 136 255 79 102 73 127 73 152 76 174 82 196 91 218 98 230 109 243 193 102 200 127 202 152 199 174 193 196 185 218 177 230 166 243 92 153 122 158 149 157 178 153 107 206 167 205
1 145 157 201 155 173 83 173 198 174 219 175 235 174 257 121 107 117 132 115 156 118 180 124 203 135 227 143 237 152 247 229 107 234 132 236 156 235 180 233 203 222 227 213 237 203 247 130 158 158 163 188 160 215 155 155 224 195 224
1 144 171 204 171 174 78 174 215 173 238 173 257 173 287 107 109 103 140 103 171 105 196 110 222 119 247 128 260 142 274 235 109 239 140 239 171 237 196 232 222 222 247 214 260 201 274 126 173 156 177 191 176 220 173 149 242 196 240
1 133 141 182 136 151 75 163 174 165 192 166 211 169 238 100 102 99 123 98 145 100 166 104 186 114 206 122 218 139 229 207 91 209 112 211 133 212 154 212 175 206 197 199 209 191 223 118 146 145 143 172 141 198 138 140 195 187 189
1 169 192 242 187 198 87 208 238 212 266 214 285 217 320 127 126 125 161 126 195 129 223 137 251 149 280 162 294 181 308 278 116 285 149 287 184 287 212 283 241 275 271 262 287 250 302 151 194 186 197 226 194 263 188 187 274 242 268
1 169 133 221 130 195 71 197 169 198 182 197 195 196 225 142 91 138 111 137 131 139 149 142 169 150 188 159 200 171 213 247 91 250 111 254 131 253 150 252 169 244 188 236 200 224 213 153 136 179 137 209 135 234 131 166 180 227 178
1 127 203 208 191 152 104 175 246 178 273 182 298 188 336 79 147 78 178 82 209 87 239 95 267 107 295 120 311 139 326 245 122 251 151 257 183 262 213 262 242 258 273 251 291 235 312 105 208 146 205 190 197 229 191 147 286 210 279
1 123 243 221 250 182 111 172 316 171 354 169 382 167 419 83 150 70 194 64 238 65 279 71 320 88 363 107 381 126 399 288 163 291 210 285 255 280 295 271 334 250 372 232 389 210 405 100 244 144 252 200 256 245 254 130 358 210 361
1 170 237 249 228 195 122 214 291 219 319 222 340 228 374 124 168 120 205 122 242 130 274 141 306 158 336 171 349 190 363 293 148 298 185 300 222 300 255 297 288 287 321 274 338 261 354 150 242 187 243 230 239 267 227 189 327 250 322
1 138 234 227 230 176 114 184 296 188 328 190 352 193 391 93 157 88 197 90 237 96 271 107 307 125 342 140 360 156 376 270 149 276 189 281 227 281 263 276 299 257 336 246 355 236 372 114 237 156 239 206 238 250 229 156 334 224 328
1 125 218 199 211 153 128 163 270 167 294 169 312 175 341 90 164 83 193 81 222 89 252 98 280 114 307 128 320 140 331 239 149 247 178 251 206 250 236 247 266 237 296 226 311 214 324 105 222 142 225 183 220 220 211 141 300 199 296
1 138 235 230 237 184 141 185 304 184 335 185 353 183 393 96 173 86 204 81 236 85 272 93 308 111 343 123 360 141 378 277 174 282 204 282 236 278 272 268 308 255 344 242 360 227 377 116 235 158 245 209 245 254 238 149 338 220 340
1 159 206 230 214 205 120 192 261 186 286 182 309 177 343 130 142 119 171 113 201 113 229 117 259 123 289 134 308 144 324 270 158 268 188 267 218 263 247 253 275 242 303 230 318 217 332 140 207 176 212 214 219 251 219 156 287 215 293
1 125 95 169 94 147 44 145 118 146 139 147 154 147 176 102 61 100 77 99 94 101 111 104 129 112 146 118 156 127 166 194 61 196 77 197 94 196 111 194 129 187 146 180 156 168 166 114 94 134 97 159 96 182 94 131 145 161 145
1 155 125 199 126 177 70 180 154 178 172 178 183 177 205 131 88 127 107 126 125 127 142 130 160 137 177 143 186 152 196 222 88 224 107 225 125 225 142 222 160 215 177 208 186 199 196 143 126 165 128 190 128 212 129 157 173 193 175
1 149 209 237 214 200 97 186 271 184 299 180 330 174 367 103 130 98 167 93 206 96 240 101 274 112 310 125 328 138 347 293 141 293 179 294 218 290 251 280 285 267 319 252 336 231 352 126 208 164 215 219 221 261 219 150 310 216 317
1 119 216 190 203 135 113 164 257 166 285 170 309 177 345 70 158 68 192 72 225 77 254 87 282 105 309 118 323 135 337 213 132 225 164 234 195 236 225 234 255 230 286 224 303 211 322 99 223 134 218 175 210 212 201 138 298 196 289
1 109 182 181 181 145 95 143 227 144 253 144 273 143 304 75 124 73 152 72 181 75 208 82 236 91 263 100 277 111 290 220 124 223 152 222 181 220 208 213 236 207 263 196 277 182 290 92 185 124 187 165 186 197 183 122 259 169 258
1 103 106 147 103 124 52 126 129 126 151 126 166 127 190 77 69 76 87 76 104 78 122 82 140 88 158 93 168 104 179 172 69 176 87 176 104 175 122 172 140 168 158 161 169 152 179 90 107 112 107 136 107 158 106 110 158 143 155
1 158 210 249 214 208 84 203 272 201 308 199 333 196 378 123 123 109 165 109 207 109 243 116 280 127 317 140 337 155 356 294 130 304 173 300 215 297 251 289 287 274 323 258 342 240 360 143 210 180 215 232 218 276 218 170 314 237 315
1 167 168 226 167 195 95 201 206 200 230 201 247 200 272 132 119 129 144 126 167 127 191 134 214 144 238 152 249 164 261 252 120 257 144 259 167 259 191 253 214 245 238 237 249 228 261 149 168 181 172 215 170 243 168 176 235 222 235
1 146 188 217 183 173 89 181 232 184 264 185 284 186 315 101 127 97 160 99 191 102 220 113 250 128 279 142 292 155 304 264 116 267 148 267 179 264 209 258 239 246 269 236 284 223 298 126 189 161 191 200 188 236 183 158 270 210 267
1 103 204 187 206 145 91 145 257 143 287 144 303 143 335 60 129 54 167 52 205 56 235 65 265 82 295 95 308 110 322 226 129 228 167 228 205 224 235 218 265 202 296 192 308 179 322 82 206 121 210 166 212 208 207 117 288 171 287
1 122 138 171 136 145 72 151 169 151 189 152 203 153 230 91 96 88 117 86 139 88 158 96 177 107 197 115 209 125 220 189 93 195 114 198 135 198 156 195 175 188 194 181 206 175 218 107 140 134 141 161 140 188 137 134 196 167 193
1 200 188 264 195 242 102 225 237 223 261 219 279 214 307 165 125 157 154 156 184 157 210 163 237 173 265 180 278 189 292 312 140 318 171 313 201 303 227 293 252 278 277 264 287 250 298 179 186 212 196 249 200 279 198 199 264 248 270
1 426 1066 708 1064 564 696 564 1266 564 1332 560 1441 555 1561 271 818 269 943 275 1065 286 1171 310 1281 355 1388 397 1443 442 1502 863 818 870 943 865 1065 853 1171 841 1281 796 1388 762 1439 698 1503 355 1064 478 1077 642 1081 780 1064 442 1334 695 1332
1 126 186 200 186 162 87 168 234 167 264 167 285 167 314 82 120 78 153 78 186 80 215 87 245 100 274 110 287 127 302 234 120 237 153 238 186 237 215 231 245 218 274 209 287 200 301 108 186 141 189 184 192 219 187 136 269 192 269
1 149 321 268 311 194 158 206 403 211 449 214 490 220 553 82 221 73 274 74 328 80 378 91 428 109 478 133 504 164 529 334 200 346 251 357 304 361 354 358 406 348 457 326 488 290 519 118 328 172 327 243 322 300 314 166 462 261 456
1 132 149 192 146 162 72 162 186 163 208 164 226 163 248 103 98 101 123 101 148 103 170 109 194 121 217 130 228 141 239 227 98 232 123 231 147 228 170 225 194 214 217 204 227 192 238 115 151 144 152 179 151 208 147 142 213 186 212
1 115 167 188 168 151 77 151 216 150 241 149 267 147 298 70 107 64 137 64 167 68 196 78 225 92 255 106 269 117 283 225 107 232 137 232 167 228 196 218 225 208 255 196 269 179 283 96 168 128 172 172 173 208 170 125 249 175 251
1 137 156 203 151 164 78 172 191 172 218 174 241 177 271 104 109 102 133 102 158 103 184 109 208 115 232 123 247 138 259 236 98 241 123 242 148 244 174 242 199 236 224 231 239 221 253 122 158 153 158 187 156 223 153 147 228 197 226
1 132 168 191 167 160 93 158 209 159 233 159 253 159 280 98 119 95 142 92 167 97 192 101 218 111 243 120 255 131 268 226 119 229 142 227 168 223 192 219 218 209 243 199 255 187 268 115 171 145 174 179 173 208 169 137 235 184 235
1 109 194 186 206 161 108 144 250 139 278 132 304 128 329 71 125 63 156 59 186 59 217 64 249 74 282 86 297 94 311 231 150 230 182 225 212 218 242 207 271 188 300 175 311 161 321 88 194 125 204 170 210 206 208 110 282 160 290
1 145 208 208 201 167 123 180 246 182 272 186 289 189 310 110 157 107 185 109 212 116 237 123 262 137 284 148 295 158 304 242 143 250 170 255 196 253 222 247 248 238 274 229 286 219 297 127 208 159 214 195 208 226 202 159 279 208 275
1 111 181 176 163 121 100 154 214 160 240 165 254 175 286 68 142 71 167 75 192 84 215 95 239 111 262 124 272 140 282 200 105 208 129 215 153 219 178 222 204 221 232 214 247 204 263 94 185 125 182 163 172 193 159 135 248 188 231
1 149 113 190 112 169 58 167 138 169 154 170 163 172 189 129 77 127 94 126 112 128 127 131 143 138 158 144 168 154 179 215 76 218 94 219 112 217 127 215 143 209 158 203 168 195 179 138 112 157 114 180 114 200 111 157 158 185 156
1 104 151 157 140 113 70 135 183 141 202 144 214 149 235 67 107 71 131 76 158 85 177 94 197 109 215 117 223 127 230 179 83 188 108 191 134 191 155 193 176 189 198 182 210 175 220 89 151 114 153 146 145 170 138 125 206 162 198
1 191 205 260 206 224 131 231 240 227 270 228 294 227 338 159 156 153 180 152 205 152 231 156 256 165 283 175 301 189 319 298 157 301 181 299 205 298 231 295 256 288 283 277 302 264 319 172 207 206 208 247 209 278 208 200 279 254 278
1 133 173 203 174 167 70 170 216 168 241 169 262 170 294 93 104 91 139 90 173 93 199 99 225 108 251 118 265 133 280 235 104 240 140 241 173 238 199 232 225 226 251 218 265 203 281 114 174 149 178 184 178 222 177 142 247 193 248
1 136 156 192 146 151 80 173 188 176 210 180 230 185 255 102 113 102 139 102 163 108 185 118 207 131 229 140 239 152 249 212 93 219 118 225 141 228 164 229 188 224 212 217 226 208 238 123 160 148 158 180 152 208 148 159 219 196 214
1 168 198 237 200 205 105 195 239 198 266 198 282 199 320 136 136 131 168 127 199 129 224 135 249 142 273 151 288 163 304 277 136 287 168 290 199 288 224 278 249 272 273 261 289 244 304 151 198 184 202 219 203 253 200 172 274 227 275
1 146 195 214 195 180 106 175 236 176 265 176 281 179 321 110 136 104 164 105 195 109 221 114 247 122 273 130 289 142 305 253 135 263 166 265 195 262 221 258 246 250 273 240 289 224 305 127 193 159 200 198 201 230 195 149 270 208 272
1 141 213 210 197 151 114 181 249 189 276 195 303 207 334 94 159 95 192 98 223 108 250 121 276 138 302 153 315 168 327 236 126 251 155 265 184 272 211 270 241 264 272 255 291 242 310 122 219 154 215 196 206 225 193 165 292 219 279
1 122 161 189 148 137 62 168 193 172 223 176 240 182 273 72 107 69 139 74 170 80 196 89 221 103 245 116 257 134 268 209 81 223 110 230 140 232 166 232 193 228 221 224 236 212 253 107 164 141 162 174 155 206 147 144 236 197 224
1 122 233 216 233 169 119 164 295 165 334 166 361 168 407 70 159 62 195 64 233 66 271 76 309 91 347 106 367 122 387 271 157 286 195 289 233 285 271 279 308 269 347 251 367 223 389 96 234 140 242 193 242 240 235 130 339 206 338
1 176 179 235 180 205 99 204 211 205 241 205 258 205 285 142 126 137 152 134 179 137 202 144 226 153 249 162 261 173 273 268 126 274 152 274 179 271 202 265 226 257 249 248 261 235 273 161 179 189 182 223 182 249 181 182 248 225 248
1 200 142 260 143 229 63 231 173 230 199 230 221 232 258 165 89 159 116 155 142 156 165 160 187 167 210 175 226 189 242 279 89 295 116 300 142 299 165 297 187 294 210 288 225 272 241 186 144 211 144 246 146 274 146 205 213 252 212
1 166 149 219 142 181 70 197 184 200 199 204 221 208 249 131 103 129 128 130 154 133 175 139 197 150 217 162 228 176 240 244 88 253 111 259 137 262 159 261 180 253 204 244 218 234 232 152 151 176 150 208 147 234 140 169 201 227 194
