127 144 181 141 160 200
131 133 184 133 157 192
160 216 249 212 210 330
140 168 202 168 171 232
163 180 238 170 209 260
320 281 443 276 386 413
173 195 256 187 218 272
360 252 459 244 415 354
140 211 226 210 184 300
147 194 224 200 181 284
107 150 166 151 136 210
150 158 201 156 178 223
134 172 204 172 167 246
126 142 180 132 163 198
167 194 241 188 212 272
167 124 217 121 196 177
125 203 209 192 178 284
121 244 225 250 169 366
175 236 246 230 220 329
143 235 224 230 188 339
129 219 200 212 171 295
135 236 223 237 180 342
155 207 224 215 179 295
126 100 170 100 148 150
154 124 197 125 176 174
150 210 238 214 185 312
113 215 187 202 169 294
112 183 180 182 146 262
105 108 146 106 127 158
160 210 248 214 198 317
162 168 223 168 195 238
141 187 218 183 182 272
108 205 177 206 142 292
122 139 170 137 152 195
197 188 265 195 223 268
436 1064 702 1060 568 1368
121 187 195 187 161 271
149 322 278 312 216 464
132 150 193 146 165 213
118 168 187 168 153 250
138 157 204 152 174 228
127 169 196 168 161 241
108 195 185 206 136 288
147 208 213 201 184 280
114 182 176 164 162 245
151 113 191 112 172 159
103 152 157 140 141 205
192 205 258 207 226 279
130 174 199 174 165 250
136 157 191 147 178 217